image: map_bounded.png
resolution: 0.050000
origin: [-12.250000, -10.850000, 0]
negate: 0
occupied_thresh: 0.65
free_thresh: 0.196

